Position              Calculated_Field
0,00                    539,971000000019558
0,48                    550,521999999997206
4,43                    656,080000000074506
5,13                    667,833999999915250
9,46                    804,771999999997206
10,04                   814,515000000013970
11,25                   858,410000000032596
11,84                   874,400000000023283
11,86                   888,269000000087544
11,96                   893,317999999970198
12,03                   900,211000000010245
13,21                   940,407000000006519
14,04                   945,334999999962747
14,87                   972,103000000002794
16,87                   1013,781000000075437
17,29                   1044,489999999990687
18,32                   1080,292000000015832
18,42                   1099,167000000015832
19,60                   1129,966000000014901
20,65                   1143,111000000033528
22,46                   1205,929999999934807
22,75                   1228,689000000013039
23,70                   1265,413999999989755
24,45                   1279,199000000022352
25,73                   1282,515000000013970
26,34                   1312,476999999955297
26,92                   1309,882999999914318
27,36                   1370,028999999980442
27,83                   1388,155000000027940
28,79                   1402,311000000103377
29,79                   1412,479000000050291
30,02                   1415,413000000058673
30,81                   1447,521999999997206
31,06                   1466,694000000017695
32,39                   1544,299999999930151
34,11                   1565,515000000013970
34,46                   1573,457000000053085
37,15                   1627,941999999922700
38,41                   1676,692000000039116

