Position              Calculated_Field
0.00              1662.071031
2.45              1593.669479
3.41              1566.016694
4.51              1514.760101
5.08              1534.443157
5.19              1506.857993
6.43              1446.955916
8.65              1388.12243
9.15              1420.111172
10.92              1372.784446
11.08              1324.497456
15.16              1213.528321
15.51              1202.404669
16.41              1164.043015
16.62              1182.051357
19.03              1117.965331
19.45              1098.313243
20.47              1031.125403
24.40              936.4457664
24.54              952.3610954
25.71              884.9897358
26.07              896.5199431
27.83              864.3965031
29.09              791.1683786
29.74              799.1762829
29.81              800.9201769
30.10              740.2909571
31.63              701.4992026
34.31              613.7580725
36.75              527.144183
37.85              500.5338581
38.56              498.9546169
